[?25lDDDDDD[6A[s[0m[38;2;25;44;100;48;2;26;32;59m▃[38;2;26;43;100;48;2;24;32;58m▃[48;2;24;32;57m▃[38;2;28;45;108;48;2;26;34;62m▂[48;2;27;33;63m▂[38;2;29;46;110;48;2;25;33;63m▂[38;2;28;47;112;48;2;25;33;65m▂[38;2;30;51;113;48;2;25;37;73m▃[38;2;76;137;185;48;2;33;66;122m┒[38;2;28;50;118;48;2;25;35;72m▂[38;2;28;49;117;48;2;25;33;65m▂[38;2;29;50;119;48;2;25;33;64m▂[38;2;31;52;122m▂[38;2;30;52;121m▂[38;2;29;53;122m▂[0m
[38;2;88;136;165;48;2;40;58;89m─[38;2;89;137;168;48;2;43;60;91m─[38;2;85;135;166;48;2;40;57;88m─[38;2;88;134;163;48;2;42;59;90m─[38;2;33;46;63;48;2;57;87;128m▃[38;2;41;59;80;48;2;59;95;157m▆[38;2;43;62;84;48;2;62;96;159m▆[38;2;30;39;56;48;2;51;78;116m▂[38;2;74;105;137;48;2;40;57;85m─[38;2;33;43;68;48;2;50;75;113m┳[38;2;28;36;61;48;2;52;79;121m━[38;2;72;107;139;48;2;42;67;113m▁[38;2;57;103;157;48;2;42;66;109m╸[38;2;36;46;73;48;2;63;96;153m▆[38;2;76;117;150;48;2;38;56;89m▁[0m
[38;2;63;96;145;48;2;28;35;49m▃[38;2;61;93;141;48;2;28;33;48m▃[38;2;59;88;134;48;2;29;36;52m▃[38;2;61;96;149;48;2;29;38;56m▂[38;2;61;94;147;48;2;29;36;53m▂[38;2;64;93;147;48;2;26;33;50m▂[38;2;64;78;121;48;2;32;38;56m▂[38;2;55;58;88;48;2;36;43;61m▁[38;2;67;78;108;48;2;32;39;58m▁[38;2;60;90;144;48;2;28;37;55m▁[38;2;58;88;140;48;2;32;43;61m▁[38;2;33;44;66;48;2;73;123;158m▇[38;2;32;44;66;48;2;84;131;165m▇[38;2;35;45;66;48;2;69;104;136m▆[38;2;39;52;74;48;2;64;116;157m▇[0m
[38;2;72;90;116;48;2;66;98;147m╼[38;2;71;94;126;48;2;72;101;147m╸[38;2;71;101;150;48;2;67;96;143m╷[38;2;66;100;152;48;2;65;96;145m╷[38;2;67;103;159;48;2;66;95;144m▂[38;2;73;96;147;48;2;96;86;129m▉[38;2;67;68;100;48;2;139;62;83m▃[38;2;137;89;102;48;2;84;72;98m━[38;2;161;70;82;48;2;86;71;99m┛[38;2;73;105;158;48;2;58;82;131m▆[38;2;106;135;175;48;2;64;98;151m━[38;2;74;110;163;48;2;56;85;132m▆[38;2;79;119;168;48;2;73;106;155m━[38;2;79;116;164;48;2;53;78;123m▇[38;2;75;111;161;48;2;49;73;114m▅[0m
[38;2;55;84;135;48;2;103;130;159m▇[38;2;47;76;130;48;2;60;89;142m▅[38;2;47;74;129;48;2;59;89;145m▅[38;2;45;73;129;48;2;58;89;146m▅[38;2;44;71;129;48;2;56;88;148m▅[38;2;43;71;131;48;2;57;88;148m▅[38;2;41;68;127;48;2;57;84;146m▄[38;2;42;69;128;48;2;58;86;147m▅[38;2;42;68;128;48;2;56;85;146m▅[38;2;41;69;128;48;2;54;84;145m▅[38;2;44;71;131;48;2;54;86;146m▅[38;2;45;74;134;48;2;57;91;151m▆[38;2;47;75;134;48;2;57;89;147m▅[38;2;51;77;134;48;2;61;91;148m▅[38;2;50;76;132;48;2;59;92;148m▄[0m
[38;2;45;62;110;48;2;46;69;123m▅[38;2;40;57;108;48;2;44;65;119m▄[38;2;38;55;106;48;2;42;63;118m▄[38;2;37;55;107;48;2;41;63;118m▄[38;2;37;55;108;48;2;40;62;118m▄[38;2;39;55;109;48;2;40;62;119m▄[38;2;38;56;111;48;2;38;62;120m▅[38;2;38;55;109;48;2;39;60;118m▄[38;2;39;55;110;48;2;38;61;119m▄[38;2;37;55;110;48;2;38;62;120m▄[48;2;38;62;121m▄[38;2;37;55;109;48;2;40;62;120m▃[38;2;46;65;116;48;2;121;138;163m▅[38;2;171;186;194;48;2;84;100;138m╾[38;2;145;160;177;48;2;50;70;124m▃[0m
[u[0m[38;2;26;43;99;48;2;25;32;59m▃[38;2;26;43;101;48;2;24;32;57m▃[38;2;26;43;99;48;2;24;32;58m▃[38;2;28;45;107;48;2;25;32;61m▂[38;2;28;46;109;48;2;25;32;62m▂[38;2;29;46;111m▂[38;2;30;47;113;48;2;24;33;65m▂[38;2;65;126;179;48;2;28;48;101m╺[38;2;82;151;194;48;2;28;52;108m╸[38;2;27;48;114;48;2;24;34;67m▂[38;2;28;48;116;48;2;25;33;63m▂[38;2;28;50;119;48;2;25;33;64m▂[38;2;31;51;122;48;2;26;33;64m▂[38;2;30;51;122m▂[38;2;30;53;122;48;2;25;33;63m▂[0m
[38;2;88;135;165;48;2;39;58;90m─[38;2;28;36;52;48;2;60;90;130m▃[38;2;29;39;56;48;2;55;83;123m▃[38;2;88;133;164;48;2;41;59;90m─[38;2;33;45;64;48;2;57;86;128m▃[38;2;42;59;80;48;2;58;93;156m▆[38;2;43;61;84;48;2;62;97;159m▆[38;2;31;37;55;48;2;49;75;114m▂[38;2;76;105;137;48;2;40;57;84m─[38;2;32;43;68;48;2;50;74;112m┳[38;2;28;37;61;48;2;51;78;120m━[38;2;67;128;179;48;2;45;71;118m╺[38;2;33;52;88;48;2;64;98;157m▆[38;2;37;48;77;48;2;62;95;152m▆[38;2;76;112;145;48;2;37;56;90m▁[0m
[38;2;62;97;145;48;2;27;34;50m▃[38;2;62;93;141;48;2;27;33;49m▃[38;2;58;87;135;48;2;29;36;52m▃[38;2;63;95;147;48;2;29;37;55m▂[38;2;61;95;149;48;2;28;36;54m▂[38;2;63;90;143;48;2;27;33;50m▂[38;2;65;78;121;48;2;32;38;55m▂[38;2;51;55;82;48;2;34;39;57m▂[38;2;66;76;105;48;2;32;39;57m▁[38;2;59;89;142;48;2;29;37;55m▁[38;2;58;87;139;48;2;32;43;62m▁[38;2;33;45;67;48;2;71;123;160m▇[38;2;31;44;66;48;2;85;131;166m▇[38;2;32;44;64;48;2;68;104;137m▆[38;2;39;52;72;48;2;63;112;152m▇[0m
[38;2;86;101;116;48;2;68;99;145m╴[38;2;69;93;125;48;2;72;102;149m╸[38;2;72;102;151;48;2;67;96;143m╷[38;2;72;104;155;48;2;67;97;145m╷[38;2;67;98;151;48;2;60;90;139m▅[38;2;69;92;144;48;2;95;85;128m▉[38;2;67;68;100;48;2;140;62;83m▃[38;2;138;89;102;48;2;84;72;98m━[38;2;160;69;81;48;2;87;71;99m┛[38;2;81;114;166;48;2;67;95;147m━[38;2;106;136;175;48;2;67;98;150m━[38;2;74;110;163;48;2;55;83;129m▆[38;2;78;119;169;48;2;74;107;154m━[38;2;82;121;169;48;2;75;108;156m━[38;2;74;110;160;48;2;48;73;114m▅[0m
[38;2;54;84;136;48;2;100;126;158m▇[38;2;49;75;130;48;2;60;89;142m▅[38;2;48;73;129;48;2;59;89;144m▅[38;2;46;72;128;48;2;59;89;146m▅[38;2;44;71;129;48;2;57;89;148m▅[38;2;42;69;129;48;2;55;85;145m▄[38;2;40;68;127;48;2;57;84;145m▄[38;2;42;68;128;48;2;58;86;148m▅[48;2;56;84;146m▅[38;2;42;69;128;48;2;53;84;145m▅[38;2;45;71;131;48;2;55;86;147m▅[38;2;45;74;134;48;2;55;91;152m▆[38;2;47;73;133;48;2;57;88;147m▅[38;2;48;76;134;48;2;61;91;148m▅[38;2;50;75;132;48;2;60;92;148m▄[0m
[38;2;46;62;110;48;2;46;69;123m▅[38;2;38;57;107;48;2;43;65;119m▄[38;2;37;55;106;48;2;42;63;118m▄[38;2;37;56;107;48;2;41;63;118m▄[38;2;38;55;108;48;2;40;62;117m▄[38;2;38;55;109;48;2;40;62;118m▄[38;2;37;56;110;48;2;40;61;118m▄[38;2;37;55;109;48;2;38;60;118m▄[48;2;39;58;115m▁[38;2;37;55;110;48;2;37;62;120m▄[48;2;39;62;121m▄[38;2;39;55;110;48;2;39;62;120m▄[38;2;37;56;109;48;2;40;62;118m▃[38;2;41;58;114;48;2;41;62;118m╷[38;2;176;192;199;48;2;46;67;120m▁[0m
[u[0m[38;2;26;43;99;48;2;25;32;59m▃[38;2;26;43;100;48;2;24;32;57m▃[38;2;25;43;98;48;2;23;32;57m▃[38;2;28;45;107;48;2;25;32;61m▂[38;2;28;46;109;48;2;26;32;62m▂[38;2;30;46;110;48;2;25;32;62m▂[38;2;31;48;111;48;2;26;35;71m▂[38;2;71;125;172;48;2;32;63;127m▝[38;2;29;57;121;48;2;26;40;87m▎[38;2;27;48;114;48;2;24;33;65m▂[38;2;28;48;116;48;2;25;33;64m▂[38;2;28;50;119m▂[38;2;31;52;122;48;2;26;33;64m▂[38;2;30;52;122m▂[48;2;25;33;63m▂[0m
[38;2;87;135;165;48;2;39;58;90m─[38;2;29;37;52;48;2;60;90;130m▃[38;2;29;39;56;48;2;54;83;123m▃[38;2;89;132;162;48;2;41;58;90m─[38;2;33;45;64;48;2;56;85;127m▃[38;2;41;59;81;48;2;59;93;156m▆[38;2;44;61;84;48;2;61;93;154m▆[38;2;26;34;51;48;2;51;78;117m▂[38;2;77;106;137;48;2;40;56;83m─[38;2;33;44;69;48;2;50;74;112m┳[38;2;28;37;64;48;2;51;77;120m━[38;2;70;124;177;48;2;45;75;125m╺[38;2;32;48;80;48;2;64;98;156m▆[38;2;62;95;133;48;2;42;58;95m▁[38;2;34;50;76;48;2;59;92;147m▆[0m
[38;2;63;98;145;48;2;27;34;50m▃[38;2;63;93;140;48;2;28;33;49m▃[38;2;58;87;134;48;2;29;36;52m▃[38;2;62;96;149;48;2;28;38;56m▂[38;2;61;95;149;48;2;29;36;54m▂[38;2;65;92;144;48;2;27;33;50m▂[38;2;63;77;120;48;2;35;41;59m▂[38;2;52;56;83;48;2;30;35;52m▂[38;2;70;80;109;48;2;32;38;57m▁[38;2;59;88;142;48;2;29;36;55m▁[38;2;58;88;139;48;2;32;43;62m▁[38;2;33;45;68;48;2;73;123;160m▇[38;2;32;45;67;48;2;85;131;165m▇[38;2;33;45;67;48;2;68;105;138m▆[38;2;38;52;73;48;2;61;109;148m▇[0m
[38;2;74;94;120;48;2;68;99;148m╼[38;2;72;94;128;48;2;73;102;148m╸[38;2;67;93;134;48;2;67;96;144m╸[38;2;68;100;150;48;2;66;95;138m▅[38;2;68;102;158;48;2;66;96;144m▂[38;2;73;95;146;48;2;95;85;128m▉[38;2;67;68;100;48;2;140;62;83m▃[38;2;139;89;102;48;2;84;72;98m━[38;2;161;71;83;48;2;86;72;100m┛[38;2;77;111;165;48;2;71;100;152m╶[38;2;129;152;181;48;2;74;106;155m╴[38;2;73;110;163;48;2;56;84;131m▆[38;2;72;107;162;48;2;76;111;159m╷[38;2;78;115;164;48;2;52;79;123m▇[38;2;74;111;160;48;2;49;74;115m▅[0m
[38;2;54;84;136;48;2;105;131;161m▇[38;2;49;75;130;48;2;59;89;142m▅[38;2;48;73;129;48;2;59;89;145m▅[38;2;47;72;128;48;2;59;89;146m▅[38;2;43;69;127;48;2;55;86;144m▄[38;2;42;69;129;48;2;55;85;146m▄[38;2;40;68;127;48;2;57;84;146m▄[38;2;42;68;128;48;2;58;86;148m▅[48;2;56;85;146m▅[38;2;41;69;128;48;2;53;84;145m▅[38;2;45;72;133;48;2;55;90;150m▆[38;2;44;74;134;48;2;57;91;152m▆[38;2;47;73;133;48;2;57;88;147m▅[38;2;48;76;134;48;2;62;91;148m▅[38;2;49;75;132;48;2;59;92;148m▄[0m
[38;2;46;62;110;48;2;46;69;123m▅[38;2;39;57;107;48;2;43;65;119m▄[38;2;37;55;106;48;2;42;63;118m▄[38;2;37;55;107;48;2;41;63;118m▄[38;2;37;55;108;48;2;40;62;118m▄[38;2;38;55;109m▄[38;2;36;56;110;48;2;40;61;118m▄[38;2;38;55;109;48;2;38;59;118m▄[38;2;40;55;110;48;2;38;60;119m▄[38;2;38;55;110;48;2;38;62;120m▄[38;2;37;55;110;48;2;39;62;121m▄[38;2;39;55;110;48;2;38;62;121m▄[38;2;38;55;110;48;2;40;62;118m▃[38;2;40;57;112;48;2;40;63;120m▃[38;2;40;60;113;48;2;43;64;120m▃[0m
[u[0m[38;2;25;43;100;48;2;24;32;60m▃[38;2;25;43;99;48;2;24;32;58m▃[38;2;26;43;98;48;2;23;32;57m▃[38;2;28;45;108;48;2;25;32;61m▂[38;2;28;46;109;48;2;25;32;62m▂[38;2;29;46;112;48;2;25;32;63m▂[38;2;29;44;92;48;2;32;71;133m▉[38;2;70;137;186;48;2;28;54;113m▘[38;2;31;48;113;48;2;24;34;70m▂[38;2;27;48;115;48;2;25;33;65m▂[38;2;28;49;117;48;2;25;33;64m▂[38;2;29;51;120;48;2;25;33;65m▂[38;2;30;52;122;48;2;26;33;64m▂[38;2;29;52;121m▂[38;2;29;53;123m▂[0m
[38;2;88;136;167;48;2;40;58;90m─[38;2;89;137;168;48;2;42;60;91m─[38;2;86;134;166;48;2;40;57;88m─[38;2;31;42;59;48;2;56;84;125m▃[38;2;35;47;66;48;2;56;85;127m▃[38;2;25;33;49;48;2;53;79;116m▂[38;2;45;64;87;48;2;59;93;155m▆[38;2;27;35;51;48;2;52;79;117m▂[38;2;74;104;136;48;2;41;57;83m─[38;2;43;60;87;48;2;50;78;137m▆[38;2;30;40;70;48;2;53;80;123m━[38;2;79;130;181;48;2;43;73;121m╹[38;2;33;46;74;48;2;63;98;156m▆[38;2;43;58;91;48;2;61;94;151m▆[38;2;32;47;73;48;2;59;92;148m▆[0m
[38;2;63;96;144;48;2;26;34;50m▃[38;2;61;92;138;48;2;28;33;49m▃[38;2;60;87;134;48;2;28;36;52m▃[38;2;62;96;148;48;2;29;37;56m▂[38;2;61;95;149;48;2;28;36;54m▂[38;2;66;93;145;48;2;26;33;50m▂[38;2;62;75;119;48;2;34;40;59m▂[38;2;51;56;83;48;2;31;35;52m▂[38;2;70;81;111;48;2;32;37;57m▁[38;2;60;90;144;48;2;29;37;56m▁[38;2;57;85;140;48;2;36;46;66m▁[38;2;31;43;66;48;2;76;127;163m▇[38;2;32;44;67;48;2;84;131;166m▇[38;2;33;44;65;48;2;71;105;138m▆[38;2;38;52;73;48;2;60;106;144m▇[0m
[38;2;74;95;122;48;2;69;99;149m╼[38;2;71;93;127;48;2;73;101;147m╸[38;2;62;94;147;48;2;69;98;144m▁[38;2;65;92;138;48;2;67;97;146m╵[38;2;66;93;139;48;2;65;96;147m╶[38;2;73;95;146;48;2;99;84;125m▉[38;2;67;67;99;48;2;139;62;83m▃[38;2;77;66;91;48;2;120;86;107m▄[38;2;160;72;83;48;2;86;73;102m┛[38;2;70;99;152;48;2;97;125;166m▉[38;2;133;156;182;48;2;74;105;154m╴[38;2;77;115;165;48;2;69;102;154m╺[38;2;67;104;159;48;2;81;114;158m▃[38;2;80;116;163;48;2;52;80;125m▇[38;2;74;110;160;48;2;50;74;116m▅[0m
[38;2;52;81;134;48;2;86;113;152m▆[38;2;49;75;130;48;2;60;90;143m▅[38;2;48;73;129;48;2;60;89;145m▅[38;2;47;72;128;48;2;59;89;147m▅[38;2;44;71;129;48;2;56;89;148m▅[38;2;43;69;129;48;2;54;85;146m▄[38;2;40;68;128;48;2;57;84;145m▄[38;2;42;69;128;48;2;58;86;148m▅[38;2;42;68;128;48;2;57;84;146m▅[38;2;41;69;128;48;2;55;83;145m▅[38;2;45;71;132;48;2;54;86;147m▅[38;2;44;74;134;48;2;58;90;152m▆[38;2;47;74;134;48;2;56;89;148m▅[38;2;47;76;135;48;2;60;91;148m▅[38;2;49;75;132;48;2;60;92;148m▄[0m
[38;2;45;62;111;48;2;46;70;124m▅[38;2;39;57;107;48;2;43;65;119m▄[38;2;36;55;106;48;2;42;64;118m▄[38;2;37;55;107;48;2;42;63;118m▄[38;2;37;56;108;48;2;40;63;118m▄[38;2;39;55;108;48;2;40;61;118m▄[38;2;36;55;109;48;2;40;60;117m▃[38;2;38;55;110;48;2;38;60;119m▄[38;2;39;55;110;48;2;39;61;119m▄[38;2;38;55;110;48;2;38;61;120m▄[38;2;37;55;110;48;2;39;62;121m▄[48;2;37;62;121m▄[38;2;39;55;110;48;2;39;62;119m▃[38;2;39;57;112;48;2;41;64;120m▃[38;2;39;59;112;48;2;42;64;119m▂[0m
[u[0m[38;2;25;43;99;48;2;24;32;59m▃[38;2;26;43;99;48;2;24;32;58m▃[38;2;26;42;98;48;2;23;32;57m▃[38;2;29;45;108;48;2;25;32;61m▂[38;2;28;46;108;48;2;25;32;62m▂[38;2;29;46;110;48;2;25;33;66m▂[38;2;67;125;173;48;2;33;50;104m▝[38;2;23;36;74;48;2;28;52;105m╶[38;2;31;47;113;48;2;25;33;66m▂[38;2;28;48;114;48;2;25;33;64m▂[38;2;28;49;118m▂[38;2;30;52;122;48;2;25;33;65m▂[38;2;30;52;123m▂[38;2;29;52;122;48;2;25;33;64m▂[38;2;29;52;121;48;2;26;33;64m▂[0m
[38;2;89;137;168;48;2;40;58;90m─[38;2;90;137;168;48;2;42;60;91m─[38;2;87;134;166;48;2;40;57;88m─[38;2;31;42;58;48;2;55;84;126m▃[38;2;34;47;65;48;2;56;85;127m▃[38;2;41;59;80;48;2;58;94;156m▆[38;2;47;65;89;48;2;62;95;157m▆[38;2;27;34;51;48;2;53;79;118m▂[38;2;85;121;152;48;2;41;58;85m╴[38;2;62;88;116;48;2;40;58;93m▗[38;2;44;64;99;48;2;59;94;156m▆[38;2;64;123;179;48;2;40;65;110m▘[38;2;32;46;73;48;2;64;98;156m▆[38;2;43;61;97;48;2;61;93;151m▆[38;2;32;47;72;48;2;60;92;148m▆[0m
[38;2;62;97;144;48;2;26;34;50m▃[38;2;61;93;139;48;2;28;33;49m▃[38;2;60;87;133;48;2;29;37;53m▃[38;2;65;96;149;48;2;29;37;56m▂[38;2;62;95;148;48;2;28;35;53m▂[38;2;66;93;145;48;2;27;33;50m▂[38;2;62;76;118;48;2;39;46;65m▂[38;2;50;56;83;48;2;30;35;52m▂[38;2;70;80;110;48;2;32;38;57m▁[38;2;62;91;144;48;2;29;37;56m▁[38;2;58;86;140;48;2;36;47;67m▁[38;2;31;43;66;48;2;75;127;163m▇[38;2;32;45;67;48;2;82;130;165m▇[48;2;69;105;138m▆[38;2;40;54;76;48;2;60;105;145m▇[0m
[38;2;70;91;117;48;2;66;99;148m╼[38;2;70;93;125;48;2;73;103;149m╸[38;2;71;101;151;48;2;67;96;143m╷[38;2;69;103;154;48;2;67;97;145m╷[38;2;68;103;158;48;2;66;95;144m▂[38;2;75;97;147;48;2;100;85;125m▉[38;2;66;67;100;48;2;139;62;83m▃[38;2;140;88;101;48;2;84;72;98m━[38;2;160;71;84;48;2;86;73;102m┛[38;2;72;100;152;48;2;103;130;166m▉[38;2;114;142;178;48;2;75;106;154m╸[38;2;72;104;151;48;2;72;105;156m╵[38;2;79;119;168;48;2;74;108;155m━[38;2;79;116;163;48;2;54;80;125m▇[38;2;75;111;160;48;2;49;73;114m▅[0m
[38;2;55;84;136;48;2;103;129;160m▇[38;2;49;76;130;48;2;59;90;143m▅[38;2;48;74;129;48;2;60;89;145m▅[38;2;46;72;129;48;2;61;89;145m▅[38;2;44;69;127;48;2;55;86;145m▄[38;2;43;69;129;48;2;54;85;146m▄[38;2;40;68;128;48;2;57;85;146m▄[38;2;42;69;128;48;2;58;86;148m▅[38;2;43;68;129;48;2;56;86;146m▅[38;2;41;69;129;48;2;54;84;145m▅[38;2;47;74;135;48;2;76;105;158m▇[38;2;44;74;134;48;2;55;91;152m▆[38;2;47;74;133;48;2;56;89;149m▅[38;2;48;76;134;48;2;60;91;149m▅[38;2;49;75;132;48;2;60;92;148m▄[0m
[38;2;45;62;111;48;2;47;70;124m▅[38;2;41;58;107;48;2;44;65;119m▄[38;2;37;55;106;48;2;42;64;119m▄[38;2;37;55;107;48;2;41;63;118m▄[38;2;37;56;108m▄[38;2;38;55;109;48;2;40;62;118m▄[38;2;36;56;110;48;2;39;61;119m▄[38;2;37;55;110;48;2;38;60;118m▄[38;2;38;55;111;48;2;38;61;119m▄[38;2;37;55;109;48;2;39;61;119m▃[38;2;38;55;110;48;2;39;62;120m▄[38;2;37;55;110;48;2;38;63;120m▄[38;2;38;55;109;48;2;39;62;119m▃[38;2;39;58;112;48;2;41;64;120m▃[38;2;39;59;112;48;2;43;64;119m▂[0m
[u[0m[38;2;25;44;100;48;2;24;32;59m▃[38;2;26;43;99;48;2;24;32;58m▃[38;2;26;43;98;48;2;24;32;57m▃[38;2;28;45;107;48;2;24;32;62m▂[38;2;27;43;100;48;2;25;31;59m▃[38;2;33;54;122;48;2;30;41;82m▁[38;2;26;46;99;48;2;64;129;177m▇[38;2;27;47;113;48;2;25;34;70m▂[38;2;30;47;112;48;2;25;33;65m▂[38;2;28;48;114;48;2;25;33;64m▂[38;2;28;50;118;48;2;24;33;64m▂[38;2;30;52;122;48;2;25;33;65m▂[48;2;25;33;64m▂[38;2;29;52;122;48;2;26;33;64m▂[48;2;27;33;64m▂[0m
[38;2;90;138;168;48;2;40;59;91m─[38;2;91;137;167;48;2;42;60;91m─[38;2;85;134;165;48;2;39;57;87m─[38;2;32;42;59;48;2;56;84;126m▃[38;2;35;48;66;48;2;55;85;127m▃[38;2;44;61;84;48;2;60;93;153m▆[38;2;27;37;55;48;2;54;81;119m▂[38;2;27;35;51;48;2;52;79;117m▂[38;2;89;125;153;48;2;40;58;84m╴[38;2;45;62;87;48;2;49;78;136m▆[38;2;44;66;102;48;2;60;97;159m▆[38;2;37;59;94;48;2;63;108;167m▆[38;2;33;45;70;48;2;63;98;155m▆[38;2;81;106;152;48;2;41;63;106m╻[38;2;32;45;70;48;2;60;92;147m▆[0m
[38;2;62;97;144;48;2;26;34;50m▃[38;2;60;93;139;48;2;28;33;49m▃[38;2;59;87;133;48;2;28;36;52m▃[38;2;65;95;146;48;2;29;38;56m▂[38;2;63;95;146;48;2;28;36;54m▂[38;2;65;91;142;48;2;33;38;57m▂[38;2;64;76;119;48;2;33;39;57m▂[38;2;51;56;83;48;2;30;34;51m▂[38;2;67;78;108;48;2;33;39;58m▁[38;2;63;91;145;48;2;29;36;55m▁[38;2;57;87;140;48;2;34;47;67m▁[38;2;31;43;64;48;2;76;127;162m▇[38;2;32;45;67;48;2;85;130;166m▇[38;2;31;43;65;48;2;67;104;136m▆[38;2;38;52;74;48;2;60;104;144m▇[0m
[38;2;76;97;123;48;2;66;101;150m╼[38;2;72;96;132;48;2;72;104;151m━[38;2;64;91;131;48;2;68;99;147m╸[38;2;63;90;135m╹[38;2;63;91;140;48;2;67;97;147m╵[38;2;72;93;144;48;2;99;84;125m▉[38;2;66;67;99;48;2;139;62;83m▃[38;2;140;89;102;48;2;85;72;98m━[38;2;159;72;83;48;2;85;72;101m┛[38;2;71;99;151;48;2;99;126;166m▉[38;2;132;155;183;48;2;75;106;154m╴[38;2;77;115;166;48;2;69;101;151m━[38;2;80;119;168;48;2;73;107;155m━[38;2;79;116;163;48;2;54;79;125m▇[38;2;74;110;160;48;2;48;71;111m▅[0m
[38;2;53;81;134;48;2;87;116;156m▆[38;2;49;76;131;48;2;60;90;143m▅[38;2;48;73;129;48;2;60;89;145m▅[38;2;46;72;129m▅[38;2;43;69;127;48;2;55;86;145m▄[38;2;43;69;129;48;2;55;85;146m▄[38;2;42;68;128;48;2;56;85;146m▄[38;2;43;69;128;48;2;58;86;148m▅[38;2;42;68;128;48;2;55;85;146m▅[38;2;41;69;128;48;2;54;84;145m▅[38;2;52;79;137;48;2;97;123;166m▇[38;2;44;74;134;48;2;58;91;152m▆[38;2;47;75;135m▆[38;2;48;76;134;48;2;60;91;149m▅[38;2;48;75;132;48;2;60;92;148m▄[0m
[38;2;45;62;111;48;2;47;70;124m▅[38;2;41;58;107;48;2;44;65;119m▄[38;2;37;55;106;48;2;42;64;118m▄[38;2;37;55;107;48;2;41;63;118m▄[38;2;38;55;108;48;2;40;62;118m▄[38;2;38;55;109m▄[38;2;37;56;110;48;2;40;61;118m▄[38;2;37;55;110;48;2;38;60;118m▄[38;2;38;55;110;48;2;38;61;119m▄[38;2;37;55;110;48;2;39;61;119m▄[38;2;38;55;110;48;2;39;62;121m▄[38;2;37;55;110;48;2;37;62;121m▄[38;2;37;55;109;48;2;39;62;119m▃[38;2;39;57;112;48;2;41;64;120m▃[38;2;40;59;112;48;2;42;64;119m▂[0m
[u[0m[38;2;25;44;99;48;2;24;32;59m▃[38;2;25;43;99;48;2;23;32;58m▃[38;2;25;43;98;48;2;25;32;57m▃[38;2;27;45;107;48;2;25;32;61m▂[38;2;28;46;109;48;2;25;33;64m▂[38;2;74;84;119;48;2;27;42;89m▏[38;2;29;47;112;48;2;25;36;73m▂[38;2;28;48;114;48;2;24;33;65m▂[38;2;30;47;112;48;2;25;33;63m▂[38;2;28;48;114m▂[38;2;29;52;121;48;2;25;33;64m▂[38;2;30;53;122m▂[38;2;30;52;122;48;2;26;33;64m▂[48;2;25;33;65m▂[38;2;28;53;122;48;2;25;33;64m▂[0m
[38;2;90;139;170;48;2;41;59;91m─[38;2;90;136;166;48;2;41;60;92m─[38;2;85;134;166;48;2;40;57;87m─[38;2;32;42;59;48;2;57;85;127m▃[38;2;35;49;68;48;2;56;84;126m▃[38;2;45;61;85;48;2;61;94;155m▆[38;2;28;37;53;48;2;53;81;119m▂[38;2;27;35;51;48;2;52;79;117m▂[38;2;91;126;155;48;2;42;58;85m╴[38;2;44;61;87;48;2;50;80;137m▆[38;2;48;77;120;48;2;63;99;139m▉[38;2;33;51;84;48;2;63;105;164m▆[38;2;33;46;72;48;2;63;96;155m▆[38;2;58;92;143;48;2;46;70;114m╷[38;2;32;45;70;48;2;60;93;147m▆[0m
[38;2;62;98;145;48;2;26;34;51m▃[38;2;61;92;139;48;2;29;33;49m▃[38;2;57;86;131;48;2;28;36;52m▃[38;2;63;96;148;48;2;29;38;56m▂[38;2;64;95;146;48;2;29;36;54m▂[38;2;65;92;143;48;2;34;40;59m▂[38;2;64;77;120;48;2;34;39;58m▂[38;2;51;56;83;48;2;31;34;51m▂[38;2;69;81;111;48;2;33;39;57m▁[38;2;61;89;144;48;2;29;37;56m▁[38;2;33;45;68;48;2;66;100;129m▇[38;2;31;43;65;48;2;75;127;163m▇[38;2;34;47;69;48;2;81;127;163m▇[38;2;30;41;62;48;2;68;106;137m▆[38;2;41;55;77;48;2;58;105;146m▇[0m
[38;2;71;91;117;48;2;67;100;149m╼[38;2;69;92;126;48;2;72;102;148m╸[38;2;70;101;150;48;2;67;96;142m╷[38;2;66;93;137;48;2;68;98;146m╵[38;2;68;99;151;48;2;65;94;141m▅[38;2;74;95;145;48;2;100;85;125m▉[38;2;66;67;99;48;2;139;62;83m▃[38;2;140;89;101;48;2;84;72;98m━[38;2;160;72;84;48;2;85;72;101m┛[38;2;72;101;153;48;2;102;128;167m▉[38;2;116;139;169;48;2;75;106;155m▏[38;2;76;116;167;48;2;73;105;154m╺[38;2;79;119;168;48;2;73;107;155m━[38;2;79;116;163;48;2;52;79;122m▇[38;2;74;111;161;48;2;48;72;111m▅[0m
[38;2;54;84;136;48;2;105;130;162m▇[38;2;49;76;131;48;2;59;90;143m▅[38;2;48;73;129;48;2;60;90;145m▅[38;2;46;73;129;48;2;58;90;147m▅[38;2;45;71;130;48;2;58;89;147m▅[38;2;43;70;129;48;2;55;85;146m▄[38;2;41;68;128;48;2;56;85;146m▄[38;2;42;69;128;48;2;57;86;148m▅[38;2;42;68;128;48;2;56;84;146m▅[38;2;42;69;129;48;2;55;84;146m▅[38;2;46;73;132;48;2;111;134;170m▅[38;2;45;74;134;48;2;57;91;152m▆[38;2;47;76;134;48;2;58;92;151m▆[38;2;49;76;134;48;2;60;91;149m▅[38;2;49;75;131;48;2;60;92;148m▄[0m
[38;2;45;62;112;48;2;46;70;124m▅[38;2;41;58;108;48;2;44;65;120m▄[38;2;36;56;107;48;2;42;64;119m▄[38;2;38;56;107;48;2;42;63;118m▄[38;2;37;56;108;48;2;41;63;118m▄[38;2;38;55;110;48;2;40;62;118m▄[38;2;37;56;110;48;2;40;61;118m▄[38;2;38;55;110;48;2;39;60;118m▄[38;2;39;55;111;48;2;38;61;119m▄[38;2;37;55;110;48;2;39;62;120m▄[38;2;38;55;110m▄[38;2;37;55;110;48;2;37;63;120m▄[38;2;39;55;110;48;2;39;62;119m▃[38;2;38;57;110;48;2;41;63;119m▂[38;2;40;60;113;48;2;42;64;120m▂[0m
[u[0m[38;2;24;44;99;48;2;25;32;58m▃[38;2;26;46;107;48;2;23;33;61m▂[38;2;26;43;98;48;2;25;31;57m▃[38;2;27;45;107;48;2;24;32;61m▂[38;2;62;71;104;48;2;26;36;74m┃[38;2;29;45;110;48;2;25;33;63m▂[38;2;28;47;112m▂[38;2;27;47;112m▂[38;2;31;47;110;48;2;26;32;63m▂[38;2;28;48;114;48;2;25;33;63m▂[38;2;31;56;126;48;2;25;33;65m▂[38;2;30;53;123;48;2;24;33;65m▂[38;2;29;52;122;48;2;25;33;64m▂[38;2;30;52;122m▂▂[0m
[38;2;91;138;168;48;2;41;59;91m─[38;2;87;135;166;48;2;42;60;91m─[38;2;86;133;164;48;2;40;56;87m─[38;2;32;42;60;48;2;56;85;127m▃[38;2;43;55;76;48;2;59;86;126m▃[38;2;41;58;80;48;2;60;93;156m▆[38;2;28;37;53;48;2;53;81;119m▂[38;2;27;34;50;48;2;52;78;116m▂[38;2;91;128;156;48;2;42;59;86m╴[38;2;63;89;118;48;2;39;57;94m▂[38;2;43;67;106;48;2;70;124;178m▆[38;2;32;47;75;48;2;59;96;157m▆[38;2;34;47;74;48;2;63;96;154m▆[38;2;68;100;149;48;2;40;60;101m▖[38;2;32;46;70;48;2;60;92;147m▆[0m
[38;2;65;96;144;48;2;26;34;50m▃[38;2;61;91;138;48;2;29;34;49m▃[38;2;60;87;133;48;2;28;36;52m▃[38;2;62;96;149;48;2;28;37;56m▂[38;2;64;94;147;48;2;37;45;65m▂[38;2;64;93;146;48;2;26;33;50m▂[38;2;62;75;117;48;2;34;39;57m▂[38;2;51;56;84;48;2;31;34;51m▂[38;2;68;79;110;48;2;32;38;57m▁[38;2;59;87;142;48;2;29;37;55m▁[38;2;33;45;68;48;2;68;106;135m▇[38;2;31;43;65;48;2;77;127;164m▇[38;2;33;46;69;48;2;81;128;162m▇[38;2;30;41;62;48;2;69;106;137m▆[38;2;37;51;73;48;2;60;108;150m▇[0m
[38;2;74;94;120;48;2;68;100;149m╼[38;2;71;95;128;48;2;72;102;148m╸[38;2;66;93;138;48;2;69;100;148m▘[38;2;60;90;138;48;2;68;98;147m╹[38;2;68;100;152;48;2;63;91;138m▅[38;2;72;94;145;48;2;99;84;124m▉[38;2;66;67;99;48;2;139;62;83m▃[38;2;140;89;102;48;2;85;72;98m━[38;2;159;71;83;48;2;85;72;101m┛[38;2;79;111;165;48;2;74;101;152m╶[38;2;113;137;168;48;2;72;104;153m▏[38;2;84;112;151;48;2;74;107;156m╹[38;2;80;118;168;48;2;74;106;154m━[38;2;78;116;163;48;2;53;79;124m▇[38;2;74;110;160;48;2;49;73;114m▅[0m
[38;2;52;81;134;48;2;86;115;153m▆[38;2;49;75;130;48;2;59;90;144m▅[38;2;49;73;129;48;2;60;89;145m▅[38;2;46;73;130;48;2;58;90;147m▅[38;2;46;69;126;48;2;55;86;145m▄[38;2;44;69;128;48;2;56;85;145m▄[38;2;42;68;128;48;2;57;85;145m▄[38;2;42;69;129;48;2;58;86;148m▅[38;2;42;68;128;48;2;55;85;147m▅[38;2;44;69;128;48;2;55;84;145m▅[38;2;118;136;166;48;2;64;89;142m┗[38;2;163;179;189;48;2;61;88;143m╴[38;2;49;75;134;48;2;58;92;151m▆[38;2;49;76;133;48;2;60;91;148m▅[38;2;47;76;132;48;2;60;92;148m▄[0m
[38;2;45;62;111;48;2;47;69;123m▅[38;2;41;58;108;48;2;44;65;119m▄[38;2;36;56;107;48;2;42;64;118m▄[38;2;38;56;107;48;2;41;63;118m▄[38;2;37;55;107m▄[38;2;37;56;109;48;2;40;63;118m▄[38;2;37;56;110;48;2;39;61;118m▄[38;2;38;55;110;48;2;38;60;118m▄[38;2;37;55;110;48;2;39;60;118m▃[38;2;36;56;110;48;2;39;62;119m▄[38;2;38;55;110;48;2;38;62;120m▄[38;2;37;55;110;48;2;40;62;120m▄[38;2;39;55;110;48;2;39;62;118m▃[38;2;37;57;110;48;2;41;63;119m▂[38;2;41;61;114;48;2;42;65;120m▃[0m
[u[0m[38;2;25;44;99;48;2;25;31;59m▃[38;2;25;43;99;48;2;24;32;58m▃[38;2;25;46;107;48;2;25;32;61m▂[38;2;27;36;73;48;2;83;93;126m▉[38;2;28;46;108;48;2;25;33;61m▂[38;2;29;45;109;48;2;25;32;62m▂[38;2;28;47;112;48;2;25;33;62m▂[38;2;28;47;113;48;2;25;33;63m▂[38;2;31;47;111;48;2;26;32;63m▂[38;2;28;48;114;48;2;26;33;63m▂[38;2;32;65;134;48;2;26;33;66m▂[38;2;30;52;122;48;2;24;33;65m▂[48;2;26;33;64m▂[48;2;25;33;64m▂[38;2;29;52;122m▂[0m
[38;2;91;139;169;48;2;40;59;91m─[38;2;87;135;166;48;2;41;60;92m─[38;2;86;133;164;48;2;40;57;87m─[38;2;41;51;70;48;2;62;88;129m▃[38;2;35;48;66;48;2;56;85;126m▃[38;2;41;59;80;48;2;60;94;156m▆[38;2;28;36;52;48;2;53;80;118m▂[38;2;28;35;50;48;2;51;78;115m▂[38;2;95;129;157;48;2;41;59;85m╴[38;2;32;42;66;48;2;49;72;111m━[38;2;42;63;101;48;2;78;132;181m▆[38;2;32;46;72;48;2;60;94;155m▆[38;2;35;50;83;48;2;62;96;154m▆[38;2;72;109;158;48;2;40;60;100m▖[38;2;33;47;72;48;2;61;93;148m▆[0m
[38;2;62;96;143;48;2;26;33;50m▃[38;2;62;92;138;48;2;30;35;50m▃[38;2;65;98;150;48;2;29;39;59m▂[38;2;65;96;148;48;2;38;47;68m▂[38;2;62;95;147;48;2;29;37;54m▂[38;2;66;93;145;48;2;27;33;50m▂[38;2;62;75;118;48;2;34;39;56m▂[38;2;49;53;80;48;2;31;34;51m▂[38;2;69;80;109;48;2;32;39;57m▁[38;2;62;90;143;48;2;31;39;57m▁[38;2;31;42;65;48;2;68;107;135m▇[38;2;31;43;65;48;2;78;128;164m▇[38;2;34;47;70;48;2;81;127;162m▇[38;2;30;41;61;48;2;70;106;136m▆[38;2;38;53;75;48;2;67;116;155m▇[0m
[38;2;70;90;116;48;2;66;100;148m╼[38;2;71;94;126;48;2;73;102;148m╸[38;2;71;101;151;48;2;67;96;143m╷[38;2;70;103;155;48;2;65;96;145m╷[38;2;68;100;152;48;2;63;92;139m▅[38;2;74;96;147;48;2;99;85;125m▉[38;2;66;67;99;48;2;139;62;82m▃[38;2;140;89;102;48;2;85;72;98m━[38;2;159;71;83;48;2;85;72;101m┛[38;2;72;100;151;48;2;96;123;164m▉[38;2;108;134;168;48;2;72;104;154m▏[38;2;98;129;170;48;2;75;108;155m╸[38;2;80;119;168;48;2;74;109;157m┉[38;2;78;116;163;48;2;52;79;123m▇[38;2;74;111;160;48;2;48;73;113m▅[0m
[38;2;55;84;136;48;2;105;130;160m▇[38;2;49;76;130;48;2;60;89;143m▅[38;2;47;73;129;48;2;60;89;145m▅[38;2;46;73;129;48;2;61;89;146m▅[38;2;44;69;127;48;2;55;86;144m▄[38;2;44;69;128;48;2;56;85;145m▄[38;2;41;68;128;48;2;57;85;145m▄[38;2;43;69;128;48;2;57;87;148m▅[38;2;41;68;128;48;2;56;85;146m▅[38;2;43;69;128;48;2;55;84;145m▅[38;2;118;138;168;48;2;69;94;144m┕[38;2;119;137;164;48;2;69;97;149m▃[38;2;94;112;147;48;2;54;83;141m▁[38;2;48;76;134;48;2;60;91;148m▅[38;2;50;75;131;48;2;60;92;148m▄[0m
[38;2;45;62;111;48;2;47;69;124m▅[38;2;40;58;108;48;2;44;65;119m▄[38;2;36;56;107;48;2;42;64;119m▄[38;2;38;55;107;48;2;42;63;118m▄[38;2;37;55;108;48;2;41;63;118m▄[38;2;38;55;110;48;2;40;62;118m▄[38;2;37;56;110;48;2;39;61;118m▄[38;2;37;55;110;48;2;38;60;118m▄[38;2;38;55;111;48;2;38;61;119m▄[38;2;37;55;110;48;2;39;62;119m▄[38;2;38;55;110;48;2;39;62;120m▄[38;2;38;55;111;48;2;42;62;116m╷[38;2;40;59;114;48;2;102;121;152m▇[38;2;38;57;110;48;2;41;63;119m▂[38;2;41;62;115;48;2;40;65;122m▄[0m
[u[0m[38;2;25;43;98;48;2;24;32;59m▃[38;2;26;46;107;48;2;24;33;62m▂[48;2;25;32;61m▂[38;2;55;65;100;48;2;26;37;72m▎[38;2;28;45;109;48;2;25;32;61m▂[38;2;28;46;111;48;2;25;33;62m▂[48;2;25;32;62m▂[38;2;28;47;113;48;2;26;33;62m▂[38;2;31;48;112;48;2;25;32;62m▂[38;2;29;52;119;48;2;25;33;64m▂[38;2;35;73;143;48;2;25;34;66m▂[38;2;31;52;122;48;2;25;33;64m▂[38;2;30;52;122m▂[48;2;26;33;63m▂[38;2;30;53;122m▂[0m
[38;2;90;139;169;48;2;40;59;92m─[38;2;30;39;55;48;2;58;88;129m▃[38;2;83;132;164;48;2;40;57;88m─[38;2;38;50;70;48;2;60;87;128m▃[38;2;35;48;66;48;2;56;86;127m▃[38;2;42;59;81;48;2;59;94;157m▆[38;2;27;36;52;48;2;53;80;119m▂[38;2;28;35;50;48;2;52;77;114m▂[38;2;96;128;156;48;2;42;60;87m╴[38;2;43;61;88;48;2;51;84;143m▆[38;2;40;61;95;48;2;80;133;181m▆[38;2;33;45;70;48;2;61;95;154m▆[38;2;34;63;118;48;2;45;68;108m╶[38;2;27;39;67;48;2;46;69;112m╶[38;2;34;48;72;48;2;62;95;149m▆[0m
[38;2;65;95;144;48;2;26;33;50m▃[38;2;64;92;138;48;2;30;35;50m▃[38;2;60;87;133;48;2;26;33;49m▃[38;2;66;95;146;48;2;36;45;66m▂[38;2;63;95;148;48;2;28;36;54m▂[38;2;66;92;143;48;2;27;33;50m▂[38;2;64;77;120;48;2;33;39;57m▂[38;2;52;55;82;48;2;31;35;52m▂[38;2;68;79;108;48;2;32;38;56m▁[38;2;60;89;143;48;2;30;38;57m▁[38;2;31;43;65;48;2;69;109;139m▇[38;2;31;42;65;48;2;78;128;164m▇[38;2;35;48;71;48;2;82;126;162m▇[38;2;30;41;61;48;2;70;107;137m▆[38;2;40;54;77;48;2;68;116;158m▇[0m
[38;2;74;96;122;48;2;68;100;150m╼[38;2;69;94;129;48;2;73;102;149m╸[38;2;69;101;151;48;2;67;96;144m▖[38;2;73;105;155;48;2;63;93;140m▃[38;2;62;92;141;48;2;65;96;147m╵[38;2;73;95;146;48;2;99;85;125m▉[38;2;66;67;99;48;2;140;62;83m▃[38;2;140;89;102;48;2;84;72;97m━[38;2;160;71;84;48;2;86;73;102m┛[38;2;71;99;151;48;2;95;123;165m▉[38;2;102;128;166;48;2;72;104;154m▏[38;2;97;128;170;48;2;76;107;155m╸[38;2;80;119;168;48;2;72;106;155m━[38;2;81;118;164;48;2;53;79;121m▇[38;2;75;111;160;48;2;49;73;114m▅[0m
[38;2;53;81;135;48;2;89;116;155m▆[38;2;51;75;130;48;2;60;90;144m▅[38;2;49;74;129;48;2;59;89;145m▅[38;2;47;72;129;48;2;59;90;148m▅[38;2;45;69;127;48;2;55;86;145m▄[38;2;43;69;129;48;2;55;85;146m▄[38;2;42;68;128;48;2;57;85;146m▄[38;2;44;69;128;48;2;59;86;148m▅[38;2;42;68;128;48;2;56;85;146m▅[38;2;44;70;128;48;2;54;85;146m▅[38;2;122;141;169;48;2;70;94;144m┕[38;2;139;156;177;48;2;80;104;152m┒[38;2;102;119;153;48;2;57;84;140m▁[38;2;50;77;134;48;2;61;91;148m▅[38;2;51;77;133;48;2;61;94;150m▅[0m
[38;2;45;62;111;48;2;47;70;124m▅[38;2;40;58;108;48;2;44;65;120m▄[38;2;37;56;107;48;2;43;64;118m▄[38;2;37;56;108;48;2;42;63;118m▄[38;2;37;56;107m▄[38;2;37;56;109;48;2;41;62;118m▄[38;2;34;55;109;48;2;41;60;117m▃[38;2;38;55;110;48;2;39;60;118m▄[38;2;36;55;109;48;2;38;61;118m▃[38;2;37;55;109;48;2;39;61;119m▃[38;2;39;55;110;48;2;40;62;119m▄[38;2;40;56;109;48;2;43;62;115m╷[38;2;44;64;116;48;2;133;149;171m▅[38;2;160;175;185;48;2;78;95;136m━[38;2;131;146;166;48;2;55;74;125m▖[0m
[u[0m[38;2;25;43;99;48;2;23;32;59m▃[48;2;24;32;58m▃[38;2;25;40;89;48;2;34;46;80m╷[38;2;29;45;107;48;2;24;33;61m▂[38;2;28;45;109;48;2;25;33;62m▂[38;2;28;46;110m▂[38;2;28;46;111;48;2;25;32;62m▂[38;2;27;47;113;48;2;26;32;62m▂[38;2;30;47;110;48;2;25;32;62m▂[38;2;39;80;149;48;2;26;37;74m▁[38;2;56;99;163;48;2;26;38;77m▁[38;2;30;52;122;48;2;25;33;65m▂[38;2;29;52;121;48;2;25;33;64m▂[38;2;29;53;122;48;2;26;33;64m▂[38;2;30;53;123;48;2;25;33;63m▂[0m
[38;2;90;138;169;48;2;40;59;92m─[38;2;89;136;168;48;2;42;60;93m─[38;2;80;123;158;48;2;46;62;94m─[38;2;32;43;60;48;2;57;86;129m▃[38;2;36;48;67;48;2;56;85;126m▃[38;2;43;60;81;48;2;60;94;157m▆[38;2;28;36;51;48;2;53;80;119m▂[38;2;27;35;51;48;2;52;76;113m▂[38;2;90;123;151;48;2;42;60;87m╴[38;2;44;61;91;48;2;58;94;150m▆[38;2;39;59;90;48;2;68;113;168m▆[38;2;33;44;68;48;2;62;94;154m▆[38;2;37;76;138;48;2;46;69;112m╶[38;2;36;52;85;48;2;60;93;148m▆[38;2;35;49;74;48;2;62;94;150m▆[0m
[38;2;63;97;145;48;2;26;33;50m▃[38;2;63;92;138;48;2;30;35;51m▃[38;2;67;97;148;48;2;37;48;69m▂[38;2;63;97;150;48;2;29;37;55m▂[38;2;64;95;147;48;2;28;36;53m▂[38;2;66;91;142;48;2;27;33;50m▂[38;2;63;77;118;48;2;33;39;56m▂[38;2;50;55;81;48;2;30;34;51m▂[38;2;70;81;111;48;2;31;38;56m▁[38;2;60;88;142;48;2;36;43;62m▁[38;2;31;42;65;48;2;70;111;141m▇[38;2;31;43;65;48;2;79;128;165m▇[38;2;38;50;73;48;2;81;127;163m▇[38;2;31;42;62;48;2;70;108;136m▆[38;2;42;55;79;48;2;70;118;161m▇[0m
[38;2;71;92;117;48;2;67;100;149m╼[38;2;72;96;130;48;2;73;102;149m┅[38;2;69;100;150;48;2;67;95;143m╷[38;2;71;103;154;48;2;67;98;147m╷[38;2;69;101;153;48;2;65;95;144m▄[38;2;76;97;147;48;2;101;86;126m▉[38;2;67;67;99;48;2;139;62;83m▃[38;2;140;89;102;48;2;85;72;98m━[38;2;160;72;84;48;2;86;72;101m┛[38;2;83;115;167;48;2;70;97;148m━[38;2;70;101;151;48;2;77;108;157m╵[38;2;101;131;172;48;2;76;107;155m╸[38;2;79;119;168;48;2;70;106;155m━[38;2;81;118;164;48;2;54;81;125m▇[38;2;74;111;160;48;2;50;73;114m▅[0m
[38;2;56;84;136;48;2;106;131;161m▇[38;2;51;75;130;48;2;61;90;143m▅[38;2;49;73;129;48;2;59;90;145m▅[38;2;46;72;130;48;2;60;90;147m▅[38;2;44;71;130;48;2;57;89;147m▅[38;2;42;70;130;48;2;55;85;146m▄[38;2;42;68;128;48;2;57;85;146m▄[38;2;44;69;129;48;2;58;87;147m▅[38;2;43;68;128;48;2;56;86;147m▅[38;2;44;70;129;48;2;54;85;146m▅[38;2;121;140;170;48;2;67;92;144m┗[38;2;120;137;166;48;2;69;97;150m▃[38;2;96;114;150;48;2;56;83;140m▁[38;2;52;77;134;48;2;62;92;148m▅[38;2;51;75;131;48;2;60;92;148m▄[0m
[38;2;45;62;111;48;2;46;70;124m▅[38;2;41;58;108;48;2;44;65;119m▄[38;2;38;56;107;48;2;43;64;119m▄[38;2;37;56;108;48;2;42;63;118m▄[48;2;42;62;118m▄[38;2;36;55;109;48;2;41;61;116m▃[38;2;34;56;109;48;2;41;60;117m▃[38;2;39;55;110;48;2;40;60;118m▄[38;2;37;55;110;48;2;39;60;118m▃[38;2;38;55;109;48;2;41;61;118m▃[38;2;39;55;110;48;2;41;62;121m▄[38;2;40;55;109;48;2;43;62;115m╷[38;2;47;66;116;48;2;135;152;172m▅[38;2;172;187;193;48;2;81;98;138m╾[38;2;150;165;179;48;2;50;70;123m▃[0m
[u[0m[38;2;25;43;99;48;2;23;32;59m▃[38;2;48;60;96;48;2;25;37;73m▌[38;2;27;45;107;48;2;23;33;61m▂[38;2;30;45;106;48;2;24;33;61m▂[38;2;27;46;109m▂[38;2;28;46;110;48;2;25;33;61m▂[38;2;28;47;113;48;2;25;32;61m▂[38;2;28;47;112;48;2;26;33;62m▂[38;2;32;48;111;48;2;25;32;62m▂[38;2;76;127;178;48;2;27;43;83m▁[38;2;33;64;135;48;2;24;35;68m▂[38;2;30;51;121;48;2;24;33;65m▂[38;2;31;52;122;48;2;26;33;64m▂[38;2;30;52;122;48;2;26;34;64m▂[38;2;30;53;122;48;2;26;33;64m▂[0m
[38;2;89;137;167;48;2;40;59;92m─[38;2;90;134;166;48;2;51;69;102m─[38;2;81;130;162;48;2;39;56;86m─[38;2;31;43;61;48;2;57;87;128m▃[38;2;36;50;67;48;2;56;85;126m▃[38;2;43;60;82;48;2;60;94;157m▆[38;2;27;35;51;48;2;53;81;120m▂[38;2;28;35;51;48;2;50;76;111m▂[38;2;74;102;130;48;2;40;58;85m┐[38;2;45;63;92;48;2;55;102;159m▆[38;2;39;58;87;48;2;60;98;158m▆[38;2;32;44;68;48;2;61;95;154m▆[38;2;40;95;157;48;2;47;73;119m┌[38;2;37;49;80;48;2;60;94;150m▆[38;2;35;51;76;48;2;63;95;150m▆[0m
[38;2;62;97;143;48;2;26;33;49m▃[38;2;63;92;138;48;2;43;49;68m▃[38;2;60;87;134;48;2;25;33;50m▃[38;2;64;97;150;48;2;29;38;56m▂[38;2;63;95;147;48;2;28;36;54m▂[38;2;67;93;144;48;2;27;33;50m▂[38;2;63;76;118;48;2;32;39;56m▂[38;2;51;55;82;48;2;29;34;51m▂[38;2;70;80;110;48;2;31;38;56m▁[38;2;61;89;141;48;2;34;42;61m▁[38;2;31;43;66;48;2;70;112;144m▇[38;2;32;43;65;48;2;79;128;164m▇[38;2;36;49;70;48;2;82;126;159m▇[38;2;31;42;62;48;2;72;108;136m▆[38;2;38;52;75;48;2;66;116;158m▇[0m
[38;2;74;95;121;48;2;68;100;150m╼[38;2;71;95;128;48;2;72;101;147m╸[38;2;64;93;135;48;2;69;98;146m┉[38;2;59;89;138;48;2;66;97;146m╵[38;2;68;100;152;48;2;63;91;139m▅[38;2;74;95;146;48;2;100;85;125m▉[38;2;68;68;100;48;2;139;61;83m▃[38;2;142;90;103;48;2;84;72;98m━[38;2;160;72;84;48;2;85;72;101m┛[38;2;75;106;159;48;2;59;83;133m▆[38;2;93;125;170;48;2;72;103;153m╺[38;2;92;123;169;48;2;74;106;155m╸[38;2;76;114;163;48;2;52;79;126m▇[38;2;82;118;164;48;2;54;80;124m▇[38;2;75;111;160;48;2;50;75;115m▅[0m
[38;2;56;83;137;48;2;105;131;162m▇[38;2;52;75;130;48;2;60;89;143m▅[38;2;49;73;129;48;2;60;89;146m▅[38;2;46;72;130;48;2;60;90;147m▅[38;2;45;69;127;48;2;54;87;146m▄[38;2;43;70;129;48;2;55;85;147m▄[38;2;42;68;129;48;2;57;86;146m▄[38;2;44;69;129;48;2;58;87;148m▅[38;2;43;68;128;48;2;57;86;148m▅[38;2;44;70;129;48;2;55;85;146m▅[38;2;130;149;174;48;2;71;94;144m┗[38;2;124;142;168;48;2;61;91;147m▄[38;2;98;117;153;48;2;57;84;141m▁[38;2;51;77;134;48;2;62;92;149m▅[38;2;51;76;132;48;2;60;93;149m▄[0m
[38;2;45;62;111;48;2;46;70;124m▅[38;2;41;58;109;48;2;45;65;120m▄[38;2;37;56;107;48;2;43;64;119m▄[38;2;36;56;108;48;2;42;63;118m▄[38;2;37;55;109m▄[38;2;38;56;110;48;2;42;62;118m▄[38;2;34;56;109;48;2;41;60;117m▃[38;2;40;55;109;48;2;40;60;118m▄[38;2;38;55;109m▃[48;2;41;61;118m▃[38;2;38;55;110;48;2;42;62;122m▄[38;2;38;56;107;48;2;44;63;116m╷[38;2;47;66;115;48;2;136;152;172m▅[38;2;172;186;193;48;2;81;98;138m╾[38;2;149;165;179;48;2;50;70;124m▃[0m
[u[0m[38;2;63;77;114;48;2;31;43;79m╏[38;2;25;43;98;48;2;24;32;58m▃[38;2;27;45;106;48;2;23;33;61m▂[38;2;29;45;107;48;2;24;33;61m▂[38;2;28;45;108;48;2;25;32;61m▂[38;2;28;46;111;48;2;25;33;62m▂[38;2;28;46;112m▂[38;2;28;47;112;48;2;24;33;62m▂[38;2;31;50;116;48;2;26;33;65m▂[38;2;68;134;186;48;2;27;42;83m▂[38;2;29;55;126;48;2;25;35;68m▂[38;2;29;50;120;48;2;26;34;65m▂[38;2;31;52;122;48;2;26;34;64m▂[38;2;28;53;122m▂[38;2;29;53;122m▂[0m
[38;2;80;112;150;48;2;45;62;93m┸[38;2;89;137;167;48;2;42;61;93m─[38;2;81;130;162;48;2;39;56;87m─[38;2;33;43;60;48;2;57;86;129m▃[38;2;35;49;67;48;2;55;84;126m▃[38;2;43;60;82;48;2;60;94;157m▆[38;2;27;34;51;48;2;53;81;120m▂[38;2;28;35;51;48;2;50;75;111m▂[38;2;67;91;120;48;2;39;57;85m┤[38;2;29;39;66;48;2;53;83;125m━[38;2;39;57;86;48;2;59;93;155m▆[38;2;33;44;68;48;2;62;95;155m▆[38;2;58;107;160;48;2;47;72;121m┎[38;2;38;47;76;48;2;60;93;149m▆[38;2;35;51;77;48;2;63;96;150m▆[0m
[38;2;62;96;142;48;2;38;45;64m▃[38;2;63;92;138;48;2;32;38;53m▃[38;2;60;86;132;48;2;26;33;50m▃[38;2;62;96;149;48;2;29;37;56m▂[38;2;64;95;146;48;2;28;36;54m▂[38;2;66;93;145;48;2;27;34;51m▂[38;2;70;97;151;48;2;33;40;61m▂[38;2;58;73;118;48;2;32;38;60m▁[38;2;68;79;110;48;2;34;40;59m▁[38;2;62;91;145;48;2;30;38;57m▁[38;2;32;42;66;48;2;71;113;145m▇[38;2;32;44;66;48;2;81;128;165m▇[38;2;37;50;72;48;2;81;126;161m▇[38;2;32;42;62;48;2;72;108;137m▆[38;2;39;53;77;48;2;69;119;163m▇[0m
[38;2;68;88;113;48;2;66;100;148m╼[38;2;70;92;124;48;2;73;101;147m╸[38;2;66;93;134;48;2;67;97;145m╸[38;2;63;94;142;48;2;68;98;147m╵[38;2;69;101;153;48;2;63;93;142m▄[38;2;73;95;146;48;2;100;85;125m▉[38;2;68;68;100;48;2;138;63;89m▃[38;2;142;89;103;48;2;84;73;101m━[38;2;159;72;83;48;2;86;72;101m┛[38;2;75;106;159;48;2;59;84;133m▆[38;2;102;131;173;48;2;69;100;152m╺[38;2;101;131;173;48;2;73;105;155m╸[38;2;80;119;168;48;2;72;106;155m━[38;2;81;118;164;48;2;52;78;122m▇[38;2;75;111;160;48;2;48;72;112m▅[0m
[38;2;56;84;137;48;2;105;130;160m▇[38;2;50;74;129;48;2;58;87;141m▄[38;2;49;73;129;48;2;60;90;146m▅[38;2;46;72;130;48;2;59;90;147m▅[38;2;45;70;127;48;2;54;86;146m▄[38;2;44;70;129;48;2;55;85;146m▄[38;2;42;68;129;48;2;57;86;146m▄[38;2;44;69;129;48;2;58;87;148m▅[38;2;43;68;128;48;2;57;86;147m▅[38;2;43;70;129;48;2;55;85;147m▅[38;2;124;143;170;48;2;68;92;142m┗[38;2;124;143;169;48;2;63;93;149m▄[38;2;101;118;153;48;2;57;85;141m▁[38;2;52;77;134;48;2;62;92;149m▅[38;2;51;76;132;48;2;60;93;149m▄[0m
[38;2;45;62;112;48;2;47;70;124m▅[38;2;39;58;109;48;2;44;65;120m▄[38;2;36;56;107;48;2;43;64;119m▄[38;2;37;56;108;48;2;42;63;118m▄[38;2;38;55;109;48;2;41;63;118m▄[38;2;38;56;109;48;2;41;62;118m▄[38;2;36;55;109;48;2;41;60;117m▃[38;2;39;55;110;48;2;40;60;118m▄[38;2;37;55;109m▃[38;2;38;54;109;48;2;41;61;118m▃[38;2;38;55;110;48;2;42;62;120m▄[38;2;40;56;109;48;2;45;62;116m╷[38;2;48;66;116;48;2;136;153;173m▅[38;2;175;190;195;48;2;85;102;140m╾[38;2;153;168;181;48;2;52;72;124m▃[0m
[u[0m[38;2;26;45;106;48;2;24;33;63m▂[38;2;27;46;108;48;2;24;33;62m▂[38;2;27;45;106;48;2;24;33;61m▂[38;2;30;45;107m▂[38;2;28;46;109;48;2;25;33;61m▂[38;2;28;46;111;48;2;25;33;62m▂[38;2;28;47;113;48;2;25;32;62m▂[38;2;29;47;113;48;2;25;33;64m▂[38;2;35;60;128;48;2;26;37;73m▂[38;2;59;127;180;48;2;28;47;91m▖[38;2;28;52;120;48;2;25;35;67m▂[38;2;29;50;120;48;2;25;34;65m▂[38;2;32;52;122;48;2;26;34;64m▂[38;2;30;52;121;48;2;27;34;64m▂[38;2;29;53;122;48;2;26;34;64m▂[0m
[38;2;88;136;167;48;2;40;59;92m─[38;2;88;135;166;48;2;42;61;93m─[38;2;81;130;162;48;2;39;55;86m─[38;2;32;44;62;48;2;57;86;128m▃[38;2;35;48;67;48;2;55;84;126m▃[38;2;43;61;82;48;2;60;94;157m▆[38;2;26;34;51;48;2;54;81;120m▂[38;2;59;91;130;48;2;41;59;88m┴[38;2;62;89;117;48;2;39;56;87m┒[38;2;29;38;65;48;2;54;82;124m━[38;2;38;56;84;48;2;58;92;154m▆[38;2;33;46;74;48;2;63;96;155m▆[38;2;74;125;173;48;2;49;80;132m╴[38;2;38;47;75;48;2;60;93;149m▆[38;2;36;52;78;48;2;62;95;150m▆[0m
[38;2;63;96;143;48;2;27;33;48m▃[38;2;61;92;137;48;2;32;37;53m▃[38;2;58;86;133;48;2;26;33;50m▃[38;2;65;95;146;48;2;29;37;56m▂[38;2;61;95;149;48;2;28;36;53m▂[38;2;64;92;146;48;2;27;34;51m▂[38;2;71;106;159;48;2;34;41;63m▂[38;2;47;62;104;48;2;30;35;55m▂[38;2;67;79;108;48;2;34;40;59m▁[38;2;61;88;143;48;2;30;38;57m▁[38;2;32;42;67;48;2;70;115;148m▇[38;2;34;46;68;48;2;78;126;160m▇[38;2;33;47;68;48;2;83;131;165m▇[38;2;33;43;63;48;2;72;110;138m▆[38;2;36;49;73;48;2;65;112;156m▇[0m
[38;2;71;92;117;48;2;67;100;150m╼[38;2;69;92;126;48;2;72;101;148m╸[38;2;63;89;131;48;2;68;98;146m╸[38;2;63;91;135;48;2;67;98;146m╹[38;2;58;89;140;48;2;65;96;147m╵[38;2;72;94;146;48;2;99;84;124m▉[38;2;116;69;98;48;2;96;124;173m▇[38;2;141;89;104;48;2;83;76;107m━[38;2;159;72;84;48;2;86;72;101m┛[38;2;75;105;157;48;2;59;82;130m▆[38;2;99;130;172;48;2;65;96;147m━[38;2;92;125;170;48;2;73;105;154m┉[38;2;77;114;162;48;2;53;80;123m▇[38;2;81;118;164;48;2;52;77;118m▇[38;2;75;111;160;48;2;49;72;112m▅[0m
[38;2;56;83;136;48;2;96;122;153m▇[38;2;49;72;127;48;2;57;86;140m▃[38;2;49;74;130;48;2;60;89;145m▅[38;2;47;72;129;48;2;61;90;146m▅[38;2;45;69;127;48;2;55;86;146m▄[38;2;45;71;131;48;2;56;88;149m▅[38;2;41;69;128;48;2;57;85;146m▄[38;2;43;69;129;48;2;59;87;149m▅[38;2;43;68;128;48;2;57;86;147m▅[38;2;44;70;129;48;2;54;85;146m▅[38;2;128;148;174;48;2;64;89;142m┕[38;2;138;155;175;48;2;79;105;152m┒[38;2;53;77;131;48;2;61;88;142m╷[38;2;52;77;134;48;2;62;92;149m▅[38;2;52;78;134;48;2;62;95;151m▅[0m
[38;2;45;62;111;48;2;48;69;123m▅[38;2;39;58;109;48;2;45;65;119m▄[38;2;37;56;107;48;2;43;64;118m▄[38;2;37;56;108;48;2;42;63;118m▄[38;2;38;55;108;48;2;41;63;118m▄[38;2;38;56;110;48;2;41;62;118m▄[38;2;34;55;109;48;2;41;60;117m▃[38;2;38;55;109;48;2;40;59;117m▃[48;2;40;60;117m▃[48;2;41;62;118m▃[38;2;38;55;110;48;2;42;63;121m▄[38;2;40;56;110;48;2;44;62;117m╷[38;2;48;66;116;48;2;131;148;170m▅[38;2;170;186;194;48;2;81;98;138m╾[38;2;169;184;191;48;2;59;79;128m▂[0m
[u[0m[38;2;25;43;99;48;2;24;32;59m▃[38;2;25;46;107;48;2;24;33;62m▂[38;2;26;45;106;48;2;24;33;61m▂[38;2;27;45;108m▂[38;2;27;46;108;48;2;26;32;62m▂[38;2;28;46;111;48;2;25;33;62m▂[38;2;28;46;112m▂[38;2;30;48;114;48;2;25;33;64m▂[38;2;52;103;165;48;2;27;39;81m▗[38;2;24;35;68;48;2;33;58;108m╵[38;2;28;51;120;48;2;25;34;67m▂[38;2;29;51;121;48;2;25;34;64m▂[38;2;31;52;122;48;2;26;33;64m▂[38;2;30;53;122;48;2;26;34;64m▂[38;2;30;52;122m▂[0m
[38;2;89;137;168;48;2;40;59;92m─[38;2;88;136;166;48;2;42;61;93m─[38;2;82;131;163;48;2;39;56;87m─[38;2;32;44;62;48;2;56;86;127m▃[38;2;35;49;66;48;2;55;84;125m▃[38;2;42;60;82;48;2;60;94;157m▆[38;2;26;34;51;48;2;54;82;120m▂[38;2;58;91;129;48;2;40;58;87m┴[38;2;59;84;115;48;2;40;57;88m┧[38;2;29;38;64;48;2;54;81;122m━[38;2;38;55;83;48;2;59;93;153m▆[38;2;34;48;79;48;2;63;96;155m▆[38;2;106;165;200;48;2;44;75;126m╴[38;2;37;47;72;48;2;60;93;149m▆[38;2;37;53;78;48;2;63;95;149m▆[0m
[38;2;64;96;143;48;2;26;33;49m▃[38;2;61;92;137;48;2;31;36;52m▃[38;2;65;96;148;48;2;28;38;57m▂[48;2;29;37;56m▂[38;2;61;95;149;48;2;28;36;54m▂[38;2;65;92;144;48;2;29;34;52m▂[38;2;62;79;130;48;2;34;39;58m▂[38;2;47;53;82;48;2;30;34;52m▂[38;2;69;81;110;48;2;34;41;60m▁[38;2;62;89;143;48;2;31;38;57m▁[38;2;32;42;67;48;2;71;115;149m▇[38;2;35;47;70;48;2;78;125;161m▇[38;2;33;47;68;48;2;84;131;164m▇[38;2;34;45;65;48;2;71;108;137m▆[38;2;35;49;71;48;2;59;109;154m▇[0m
[38;2;67;81;95;48;2;67;99;146m╴[38;2;71;93;126;48;2;73;103;149m╸[38;2;67;93;136;48;2;67;97;145m╸[38;2;70;103;153;48;2;66;97;145m╷[38;2;68;100;152;48;2;62;94;142m▅[38;2;74;95;146;48;2;101;86;126m▉[38;2;67;68;99;48;2;140;74;106m▃[38;2;76;66;92;48;2;120;87;112m▄[38;2;159;72;83;48;2;85;73;101m┛[38;2;75;105;158;48;2;59;83;132m▆[38;2;96;127;170;48;2;65;97;149m━[38;2;84;120;168;48;2;68;100;150m━[38;2;80;119;168;48;2;72;106;154m━[38;2;81;120;167;48;2;75;109;155m┷[38;2;75;111;160;48;2;49;73;114m▅[0m
[38;2;56;84;136;48;2;105;131;161m▇[38;2;50;76;131;48;2;60;89;143m▅[38;2;48;74;130;48;2;59;89;146m▅[38;2;47;72;129;48;2;60;90;146m▅[38;2;45;69;127;48;2;55;86;146m▄[38;2;43;69;129;48;2;55;85;146m▄[38;2;41;68;127;48;2;57;85;145m▄[38;2;43;69;129;48;2;59;87;149m▅[38;2;44;68;128;48;2;56;86;147m▅[38;2;44;70;129;48;2;54;85;146m▅[38;2;119;139;169;48;2;51;78;138m╺[38;2;126;143;169;48;2;68;97;150m▃[38;2;104;121;155;48;2;57;84;141m▁[38;2;52;77;134;48;2;62;92;149m▅[38;2;51;76;131;48;2;60;92;149m▄[0m
[38;2;45;62;111;48;2;48;69;123m▅[38;2;38;57;108;48;2;45;65;120m▄[38;2;37;56;107;48;2;43;64;118m▄[38;2;38;56;108;48;2;42;63;118m▄[38;2;39;55;108;48;2;41;62;117m▄[38;2;38;56;109;48;2;41;62;118m▄[38;2;35;55;109;48;2;41;60;117m▃[38;2;37;55;109;48;2;40;58;115m▂[38;2;38;55;109;48;2;40;60;117m▃[48;2;41;61;118m▃[38;2;40;55;110;48;2;42;62;120m▄[38;2;40;56;110;48;2;45;63;116m╷[38;2;51;68;117;48;2;142;158;177m▅[38;2;177;192;197;48;2;87;105;142m╾[38;2;155;170;182;48;2;52;72;124m▃[0m
[u[0m[38;2;25;43;97;48;2;23;32;59m▃[38;2;25;46;107;48;2;24;33;62m▂[38;2;26;42;97;48;2;24;32;57m▃[38;2;28;45;107;48;2;25;32;61m▂[38;2;27;45;107;48;2;24;33;61m▂[38;2;28;46;111;48;2;25;33;62m▂[38;2;28;47;113m▂[38;2;29;49;113;48;2;25;34;68m▂[38;2;66;145;192;48;2;37;69;121m┌[38;2;32;67;136;48;2;26;39;82m▖[38;2;29;49;117;48;2;25;34;66m▂[38;2;30;50;119;48;2;25;34;65m▂[38;2;31;52;122;48;2;26;34;64m▂[38;2;30;52;123m▂[38;2;29;52;122;48;2;26;34;63m▂[0m
[38;2;89;137;168;48;2;41;59;91m─[38;2;87;134;165;48;2;42;60;93m─[38;2;83;131;163;48;2;40;56;87m─[38;2;34;45;64;48;2;56;85;128m▃[38;2;34;48;66;48;2;55;83;124m▃[38;2;43;61;83;48;2;59;93;156m▆[38;2;26;34;51;48;2;53;81;120m▂[38;2;61;96;132;48;2;42;59;89m─[38;2;61;86;116;48;2;39;57;88m┧[38;2;29;37;62;48;2;54;81;122m━[38;2;37;54;81;48;2;59;92;153m▆[38;2;35;53;88;48;2;60;96;157m▆[38;2;95;153;193;48;2;43;71;119m╴[38;2;37;46;70;48;2;61;92;149m▆[38;2;36;50;75;48;2;62;94;150m▆[0m
[38;2;63;96;143;48;2;26;33;48m▃[38;2;62;91;137;48;2;32;37;52m▃[38;2;68;97;149;48;2;29;38;57m▂[38;2;65;96;147;48;2;29;37;56m▂[38;2;61;94;147;48;2;28;36;53m▂[38;2;64;92;146;48;2;29;35;52m▂[38;2;62;75;116;48;2;33;39;57m▂[38;2;49;53;81;48;2;30;34;52m▂[38;2;68;80;111;48;2;33;38;57m▁[38;2;61;87;142;48;2;30;38;57m▁[38;2;31;42;65;48;2;71;117;150m▇[38;2;35;47;70;48;2;79;126;160m▇[38;2;33;46;68;48;2;84;130;164m▇[38;2;37;48;68;48;2;68;105;135m▆[38;2;34;46;67;48;2;52;100;143m▇[0m
[38;2;74;95;121;48;2;67;101;150m╼[38;2;68;92;127;48;2;72;101;148m╸[38;2;62;89;130;48;2;69;98;146m╸[38;2;57;88;137;48;2;65;96;145m╵[38;2;68;100;152;48;2;62;91;138m▅[38;2;73;95;146;48;2;99;85;125m▉[38;2;67;68;99;48;2;139;62;83m▃[38;2;141;90;104;48;2;84;72;98m━[38;2;158;70;82;48;2;86;72;101m┛[38;2;74;104;158;48;2;58;82;130m▆[38;2;102;131;173;48;2;65;95;147m━[38;2;83;118;166;48;2;68;99;150m━[38;2;81;120;169;48;2;74;107;154m━[38;2;82;122;170;48;2;76;109;155m━[38;2;75;111;159;48;2;49;72;112m▅[0m
[38;2;53;81;134;48;2;88;116;153m▆[38;2;49;74;129;48;2;59;88;142m▄[48;2;59;90;146m▅[38;2;46;72;129;48;2;59;90;148m▅[38;2;46;71;130;48;2;56;89;148m▅[38;2;43;69;129;48;2;55;85;147m▄[38;2;42;68;128;48;2;57;85;146m▄[38;2;43;69;128;48;2;58;86;147m▅[38;2;44;68;128;48;2;56;85;146m▅[38;2;43;70;130;48;2;55;84;145m▅[38;2;47;71;131;48;2;55;87;148m▅[38;2;119;136;165;48;2;63;90;145m▂[38;2;53;76;132;48;2;61;87;142m╷[38;2;52;77;134;48;2;62;92;148m▅[38;2;53;78;133;48;2;62;95;151m▅[0m
[38;2;45;62;111;48;2;47;70;124m▅[38;2;40;57;107;48;2;44;65;119m▄[38;2;38;56;106;48;2;42;64;119m▄[38;2;37;56;107;48;2;42;63;118m▄[38;2;38;56;108;48;2;42;62;117m▄[38;2;38;56;109;48;2;41;62;118m▄[38;2;38;56;110;48;2;41;61;118m▄[38;2;39;55;110;48;2;39;60;118m▄[38;2;37;55;109;48;2;40;60;118m▃[48;2;40;61;118m▃[38;2;39;55;110;48;2;41;62;121m▄[38;2;40;55;110;48;2;45;62;116m╷[38;2;50;68;117;48;2;139;155;174m▅[38;2;176;191;197;48;2;84;102;139m╾[38;2;148;164;177;48;2;51;71;124m▃[0m
[?25h